procs -----------memory---------- ---swap-- -----io---- -system-- ------cpu-----
 r  b   swpd   free   buff  cache   si   so    bi    bo   in   cs us sy id wa st
 0  0      0 12760836  15656 103584    0    0     7   229    1    6  0  0 100  0  0
 0  0      0 12750620  15656 103584    0    0     0  2052    7   45  0  0 100  0  0
 0  0      0 12740412  15664 103584    0    0     0  2060    9   48  0  0 100  0  0
 0  0      0 12730204  15664 103584    0    0     0  2048    4   31  0  0 100  0  0
 0  0      0 12719996  15664 103584    0    0     0  2048    5   37  0  0 100  0  0
 0  0      0 12709788  15664 103584    0    0     0  2048    4   33  0  0 100  0  0
 0  0      0 12699076  15664 103584    0    0     0  2048    6   38  0  0 100  0  0
 0  0      0 12688868  15664 103584    0    0     0  2048    6   38  0  0 100  0  0
 0  0      0 12678660  15664 103584    0    0     0     0    4   27  0  0 100  0  0
 0  0      0 12780300  15672 103584    0    0     0  2060   16   85  0  0 100  0  0
 0  0      0 12780488  15672 103564    0    0     0  2048    6   34  0  0 100  0  0
 0  0      0 12780488  15672 103564    0    0     0  2048    5   36  0  0 100  0  0
 0  0      0 12780488  15672 103564    0    0     0  2048    4   32  0  0 100  0  0
 0  0      0 12780488  15672 103564    0    0     0  2048    4   30  0  0 100  0  0
 0  0      0 12780488  15672 103564    0    0     0  2048    4   32  0  0 100  0  0
 0  0      0 12780488  15680 103556    0    0     0  2060    9   45  0  0 100  0  0
 0  0      0 12780488  15680 103556    0    0     0  2048    4   34  0  0 100  0  0
 0  0      0 12780488  15680 103556    0    0     0  2048    4   32  0  0 100  0  0
 0  0      0 12780488  15680 103556    0    0     0     0    3   25  0  0 100  0  0
 0  0      0 12780488  15680 103556    0    0     0  2048    4   30  0  0 100  0  0
 0  0      0 12780488  15680 103556    0    0     0  2048    4   32  0  0 100  0  0